1.000000000000000000e+00 1.686455277849276688e-03 1.701198137934039744e-03 1.700152178347327922e-03 3.778401496747138403e-05 4.008035507680898177e-05 3.822871370052278084e-05
2.000000000000000000e+00 6.687120744150435239e-03 6.746429475315510876e-03 6.739675043812451589e-03 5.728606754318290792e-04 6.058954715691226844e-04 5.768602488869132520e-04
3.000000000000000000e+00 1.484708421655808394e-02 1.498131065585184794e-02 1.496215627897396622e-02 2.669405444187620841e-03 2.811212974757983530e-03 2.671736864812258774e-03
4.000000000000000000e+00 2.594067491603561232e-02 2.618070814168042132e-02 2.614259615299049586e-02 7.591020592961013162e-03 7.953871717172680128e-03 7.550529054913072621e-03
5.000000000000000000e+00 3.969347728625761962e-02 4.007038091469060370e-02 4.000711911419217726e-02 1.640268644328295861e-02 1.709366110868248273e-02 1.622459497352666744e-02
6.000000000000000000e+00 5.580531171851281502e-02 5.634948409618968646e-02 5.625446250700457534e-02 2.977693014793589971e-02 3.086157998616337675e-02 2.931921341514873158e-02
7.000000000000000000e+00 7.397004675923339601e-02 7.471033806901937468e-02 7.457575986470479923e-02 4.797946480405038822e-02 4.947192625867972288e-02 4.708609319721992342e-02
8.000000000000000000e+00 9.389059703289724668e-02 9.485352319794339293e-02 9.466981010328220925e-02 7.093879053400276025e-02 7.281765664936333537e-02 6.949070331727863481e-02
1.000000000000000000e+01 1.379126505031620098e-01 1.393878327017025187e-01 1.390684080540727230e-01 1.297153874956242792e-01 1.322086511353408045e-01 1.271144842345383885e-01
1.200000000000000000e+01 1.859649668952408630e-01 1.880185830978854111e-01 1.874974164141537114e-01 2.023083222942348436e-01 2.050075602575891220e-01 1.989241344735904748e-01
1.500000000000000000e+01 2.625101699349721707e-01 2.655078502030311927e-01 2.645175452423854101e-01 3.291632834941342622e-01 3.310032370781445521e-01 3.251745602032008464e-01
1.800000000000000000e+01 3.415757382788104368e-01 3.455872754622158483e-01 3.438861661747916743e-01 4.710716102794192395e-01 4.706789108546989286e-01 4.664566127889577252e-01
2.200000000000000000e+01 4.476376831925065192e-01 4.531335070705824752e-01 4.501056405464100574e-01 6.773197556033687672e-01 6.731220222843136147e-01 6.714134201584937012e-01
2.600000000000000000e+01 5.522259545679746306e-01 5.594378285873706780e-01 5.547303595029192680e-01 9.003309586511806240e-01 8.924325778998275505e-01 8.910032194250826487e-01
3.100000000000000000e+01 6.790215778678183600e-01 6.889304695027174130e-01 6.817929739761259267e-01 1.203791007272153823e+00 1.192499844779492335e+00 1.186616614395870295e+00
3.800000000000000000e+01 8.479361900855286738e-01 8.628997571421891388e-01 8.514216422204593515e-01 1.674190781496109226e+00 1.654304190094479710e+00 1.636535309388820858e+00
4.600000000000000000e+01 1.029736121086339828e+00 1.051566080012205751e+00 1.033783276699828946e+00 2.266133363376917398e+00 2.226526948005894901e+00 2.193484694362707987e+00
5.500000000000000000e+01 1.222051914628686786e+00 1.252643635287532975e+00 1.227209065743828598e+00 2.969908416521131134e+00 2.912285284434191102e+00 2.855591644441699106e+00
6.600000000000000000e+01 1.442785630709642719e+00 1.485615541280132179e+00 1.450037895743694794e+00 3.886208555397735687e+00 3.826489882944215992e+00 3.708633781524920181e+00
7.900000000000000000e+01 1.688376094387647575e+00 1.746762701986480648e+00 1.696985566330112327e+00 5.042137104632564260e+00 4.993941511813421386e+00 4.761700966307315319e+00
9.500000000000000000e+01 1.971850232623003185e+00 2.050362573388804233e+00 1.980688905957692869e+00 6.518483061614314344e+00 6.498729187896308268e+00 6.094620739600586035e+00
1.140000000000000000e+02 2.283731874897317216e+00 2.386272963269838066e+00 2.290419342897446864e+00 8.315851581111001423e+00 8.323691127982719706e+00 7.693679064809620272e+00
1.370000000000000000e+02 2.629319782523879656e+00 2.756083658779127976e+00 2.628845979751467166e+00 1.048819491123285275e+01 1.046852832988825099e+01 9.641916456367395583e+00
1.640000000000000000e+02 2.995733014721785548e+00 3.148682882130700023e+00 2.984898183654097981e+00 1.297234235860057616e+01 1.288103269124748351e+01 1.185089443859525460e+01
1.970000000000000000e+02 3.390228898962405868e+00 3.572636648840303408e+00 3.367456849445633615e+00 1.578927431644912005e+01 1.563960577224789184e+01 1.436416890906803978e+01
2.370000000000000000e+02 3.799139633357594636e+00 4.014520973681243277e+00 3.764290733652324139e+00 1.886970896911801887e+01 1.877454811638147447e+01 1.717762242251324167e+01
2.840000000000000000e+02 4.203323006655005578e+00 4.440148244212704931e+00 4.151646826471632856e+00 2.191997954859044739e+01 2.182425034984479595e+01 2.016288145183947478e+01
3.410000000000000000e+02 4.605179358157899472e+00 4.844484690595256104e+00 4.533819488717359292e+00 2.492386020676475766e+01 2.498656372000479209e+01 2.325552897051213819e+01
4.100000000000000000e+02 4.972847312132131492e+00 5.218221140771923672e+00 4.895522197994173652e+00 2.784992863959331189e+01 2.814256045278077778e+01 2.631212729604160216e+01
4.920000000000000000e+02 5.299611226681075316e+00 5.555184415721261537e+00 5.216022133503241953e+00 3.049910396781325872e+01 3.116752125999936496e+01 2.895723077381884636e+01
5.900000000000000000e+02 5.579366548246532886e+00 5.817122714124472793e+00 5.478518435541883669e+00 3.279461709593852703e+01 3.357062837684352985e+01 3.130456607895263588e+01
7.080000000000000000e+02 5.814701356877711724e+00 6.023786838325323245e+00 5.697197272022668457e+00 3.496536488446069058e+01 3.529194085304849438e+01 3.317708918485185876e+01
8.500000000000000000e+02 5.951009196776589683e+00 6.154427208641377156e+00 5.803808472801328833e+00 3.604135074086211432e+01 3.569176221871948940e+01 3.440657671787572980e+01
1.020000000000000000e+03 6.009792318815850187e+00 6.149109986580322484e+00 5.792686506118561951e+00 3.604521942514283950e+01 3.512033933449254874e+01 3.441176616112200293e+01
